/usr/bin/tclsh8.4:
Contents of (__TEXT,__text) section
0000000100000000	ce fa ed fe 07 00 00 00 03 00 00 00 02 00 00 00 
0000000100000010	12 00 00 00 24 05 00 00 85 00 20 01 01 00 00 00 
0000000100000020	38 00 00 00 5f 5f 50 41 47 45 5a 45 52 4f 00 00 
0000000100000030	00 00 00 00 00 00 00 00 00 10 00 00 00 00 00 00 
0000000100000040	00 00 00 00 00 00 00 00 00 00 00 00 00 00 00 00 
0000000100000050	00 00 00 00 01 00 00 00 d0 01 00 00 5f 5f 54 45 
0000000100000060	58 54 00 00 00 00 00 00 00 00 00 00 00 10 00 00 
0000000100000070	00 20 00 00 00 00 00 00 00 20 00 00 07 00 00 00 
0000000100000080	05 00 00 00 06 00 00 00 00 00 00 00 5f 5f 74 65 
0000000100000090	78 74 00 00 00 00 00 00 00 00 00 00 5f 5f 54 45 
00000001000000a0	58 54 00 00 00 00 00 00 00 00 00 00 10 2a 00 00 
00000001000000b0	6e 00 00 00 10 1a 00 00 00 00 00 00 00 00 00 00 
00000001000000c0	00 00 00 00 00 04 00 80 00 00 00 00 00 00 00 00 
00000001000000d0	5f 5f 73 79 6d 62 6f 6c 5f 73 74 75 62 00 00 00 
00000001000000e0	5f 5f 54 45 58 54 00 00 00 00 00 00 00 00 00 00 
00000001000000f0	7e 2a 00 00 12 00 00 00 7e 1a 00 00 01 00 00 00 
0000000100000100	00 00 00 00 00 00 00 00 08 05 00 80 00 00 00 00 
0000000100000110	06 00 00 00 5f 5f 73 74 75 62 5f 68 65 6c 70 65 
0000000100000120	72 00 00 00 5f 5f 54 45 58 54 00 00 00 00 00 00 
0000000100000130	00 00 00 00 90 2a 00 00 2a 00 00 00 90 1a 00 00 
0000000100000140	02 00 00 00 00 00 00 00 00 00 00 00 00 05 00 80 
0000000100000150	00 00 00 00 00 00 00 00 5f 5f 63 73 74 72 69 6e 
0000000100000160	67 00 00 00 00 00 00 00 5f 5f 54 45 58 54 00 00 
0000000100000170	00 00 00 00 00 00 00 00 ba 2a 00 00 1a 00 00 00 
0000000100000180	ba 1a 00 00 00 00 00 00 00 00 00 00 00 00 00 00 
0000000100000190	02 00 00 00 00 00 00 00 00 00 00 00 5f 5f 69 6e 
00000001000001a0	66 6f 5f 70 6c 69 73 74 00 00 00 00 5f 5f 54 45 
00000001000001b0	58 54 00 00 00 00 00 00 00 00 00 00 d4 2a 00 00 
00000001000001c0	e2 04 00 00 d4 1a 00 00 00 00 00 00 00 00 00 00 
00000001000001d0	00 00 00 00 00 00 00 00 00 00 00 00 00 00 00 00 
00000001000001e0	5f 5f 75 6e 77 69 6e 64 5f 69 6e 66 6f 00 00 00 
00000001000001f0	5f 5f 54 45 58 54 00 00 00 00 00 00 00 00 00 00 
0000000100000200	b8 2f 00 00 48 00 00 00 b8 1f 00 00 02 00 00 00 
0000000100000210	00 00 00 00 00 00 00 00 00 00 00 00 00 00 00 00 
0000000100000220	00 00 00 00 01 00 00 00 c0 00 00 00 5f 5f 44 41 
0000000100000230	54 41 00 00 00 00 00 00 00 00 00 00 00 30 00 00 
0000000100000240	00 10 00 00 00 20 00 00 00 10 00 00 07 00 00 00 
0000000100000250	03 00 00 00 02 00 00 00 00 00 00 00 5f 5f 6e 6c 
0000000100000260	5f 73 79 6d 62 6f 6c 5f 70 74 72 00 5f 5f 44 41 
0000000100000270	54 41 00 00 00 00 00 00 00 00 00 00 00 30 00 00 
0000000100000280	08 00 00 00 00 20 00 00 02 00 00 00 00 00 00 00 
0000000100000290	00 00 00 00 06 00 00 00 03 00 00 00 00 00 00 00 
00000001000002a0	5f 5f 6c 61 5f 73 79 6d 62 6f 6c 5f 70 74 72 00 
00000001000002b0	5f 5f 44 41 54 41 00 00 00 00 00 00 00 00 00 00 
00000001000002c0	08 30 00 00 0c 00 00 00 08 20 00 00 02 00 00 00 
00000001000002d0	00 00 00 00 00 00 00 00 07 00 00 00 05 00 00 00 
00000001000002e0	00 00 00 00 01 00 00 00 38 00 00 00 5f 5f 4c 49 
00000001000002f0	4e 4b 45 44 49 54 00 00 00 00 00 00 00 40 00 00 
0000000100000300	00 30 00 00 00 30 00 00 f0 25 00 00 07 00 00 00 
0000000100000310	01 00 00 00 00 00 00 00 00 00 00 00 22 00 00 80 
0000000100000320	30 00 00 00 00 30 00 00 14 00 00 00 14 30 00 00 
0000000100000330	18 00 00 00 00 00 00 00 00 00 00 00 2c 30 00 00 
0000000100000340	34 00 00 00 60 30 00 00 3c 00 00 00 02 00 00 00 
0000000100000350	18 00 00 00 a0 30 00 00 06 00 00 00 08 31 00 00 
0000000100000360	58 00 00 00 0b 00 00 00 50 00 00 00 00 00 00 00 
0000000100000370	01 00 00 00 01 00 00 00 01 00 00 00 02 00 00 00 
0000000100000380	04 00 00 00 00 00 00 00 00 00 00 00 00 00 00 00 
0000000100000390	00 00 00 00 00 00 00 00 00 00 00 00 e8 30 00 00 
00000001000003a0	08 00 00 00 00 00 00 00 00 00 00 00 00 00 00 00 
00000001000003b0	00 00 00 00 0e 00 00 00 1c 00 00 00 0c 00 00 00 
00000001000003c0	2f 75 73 72 2f 6c 69 62 2f 64 79 6c 64 00 00 00 
00000001000003d0	1b 00 00 00 18 00 00 00 ce 11 e7 0f d6 df 31 02 
00000001000003e0	b0 ca cc 69 14 5c 62 f0 24 00 00 00 10 00 00 00 
00000001000003f0	00 0c 0a 00 00 0c 0a 00 2a 00 00 00 10 00 00 00 
0000000100000400	00 00 20 80 0c 70 00 00 28 00 00 80 18 00 00 00 
0000000100000410	10 1a 00 00 00 00 00 00 00 00 00 00 00 00 00 00 
0000000100000420	0c 00 00 00 54 00 00 00 18 00 00 00 02 00 00 00 
0000000100000430	13 04 08 00 00 04 08 00 2f 53 79 73 74 65 6d 2f 
0000000100000440	4c 69 62 72 61 72 79 2f 46 72 61 6d 65 77 6f 72 
0000000100000450	6b 73 2f 54 63 6c 2e 66 72 61 6d 65 77 6f 72 6b 
0000000100000460	2f 56 65 72 73 69 6f 6e 73 2f 38 2e 34 2f 54 63 
0000000100000470	6c 00 00 00 0c 00 00 00 34 00 00 00 18 00 00 00 
0000000100000480	02 00 00 00 02 32 d6 04 00 00 01 00 2f 75 73 72 
0000000100000490	2f 6c 69 62 2f 6c 69 62 53 79 73 74 65 6d 2e 42 
00000001000004a0	2e 64 79 6c 69 62 00 00 0c 00 00 00 68 00 00 00 
00000001000004b0	18 00 00 00 02 00 00 00 00 40 45 05 00 00 96 00 
00000001000004c0	2f 53 79 73 74 65 6d 2f 4c 69 62 72 61 72 79 2f 
00000001000004d0	46 72 61 6d 65 77 6f 72 6b 73 2f 43 6f 72 65 46 
00000001000004e0	6f 75 6e 64 61 74 69 6f 6e 2e 66 72 61 6d 65 77 
00000001000004f0	6f 72 6b 2f 56 65 72 73 69 6f 6e 73 2f 41 2f 43 
0000000100000500	6f 72 65 46 6f 75 6e 64 61 74 69 6f 6e 00 00 00 
0000000100000510	26 00 00 00 10 00 00 00 9c 30 00 00 04 00 00 00 
0000000100000520	29 00 00 00 10 00 00 00 a0 30 00 00 00 00 00 00 
0000000100000530	1d 00 00 00 10 00 00 00 60 31 00 00 90 24 00 00 
0000000100000540	00 00 00 00 00 00 00 00 00 00 00 00 00 00 00 00 
0000000100000550	00 00 00 00 00 00 00 00 00 00 00 00 00 00 00 00 
0000000100000560	00 00 00 00 00 00 00 00 00 00 00 00 00 00 00 00 
0000000100000570	00 00 00 00 00 00 00 00 00 00 00 00 00 00 00 00 
0000000100000580	00 00 00 00 00 00 00 00 00 00 00 00 00 00 00 00 
0000000100000590	00 00 00 00 00 00 00 00 00 00 00 00 00 00 00 00 
00000001000005a0	00 00 00 00 00 00 00 00 00 00 00 00 00 00 00 00 
00000001000005b0	00 00 00 00 00 00 00 00 00 00 00 00 00 00 00 00 
00000001000005c0	00 00 00 00 00 00 00 00 00 00 00 00 00 00 00 00 
00000001000005d0	00 00 00 00 00 00 00 00 00 00 00 00 00 00 00 00 
00000001000005e0	00 00 00 00 00 00 00 00 00 00 00 00 00 00 00 00 
00000001000005f0	00 00 00 00 00 00 00 00 00 00 00 00 00 00 00 00 
0000000100000600	00 00 00 00 00 00 00 00 00 00 00 00 00 00 00 00 
0000000100000610	00 00 00 00 00 00 00 00 00 00 00 00 00 00 00 00 
0000000100000620	00 00 00 00 00 00 00 00 00 00 00 00 00 00 00 00 
0000000100000630	00 00 00 00 00 00 00 00 00 00 00 00 00 00 00 00 
0000000100000640	00 00 00 00 00 00 00 00 00 00 00 00 00 00 00 00 
0000000100000650	00 00 00 00 00 00 00 00 00 00 00 00 00 00 00 00 
0000000100000660	00 00 00 00 00 00 00 00 00 00 00 00 00 00 00 00 
0000000100000670	00 00 00 00 00 00 00 00 00 00 00 00 00 00 00 00 
0000000100000680	00 00 00 00 00 00 00 00 00 00 00 00 00 00 00 00 
0000000100000690	00 00 00 00 00 00 00 00 00 00 00 00 00 00 00 00 
00000001000006a0	00 00 00 00 00 00 00 00 00 00 00 00 00 00 00 00 
00000001000006b0	00 00 00 00 00 00 00 00 00 00 00 00 00 00 00 00 
00000001000006c0	00 00 00 00 00 00 00 00 00 00 00 00 00 00 00 00 
00000001000006d0	00 00 00 00 00 00 00 00 00 00 00 00 00 00 00 00 
00000001000006e0	00 00 00 00 00 00 00 00 00 00 00 00 00 00 00 00 
00000001000006f0	00 00 00 00 00 00 00 00 00 00 00 00 00 00 00 00 
0000000100000700	00 00 00 00 00 00 00 00 00 00 00 00 00 00 00 00 
0000000100000710	00 00 00 00 00 00 00 00 00 00 00 00 00 00 00 00 
0000000100000720	00 00 00 00 00 00 00 00 00 00 00 00 00 00 00 00 
0000000100000730	00 00 00 00 00 00 00 00 00 00 00 00 00 00 00 00 
0000000100000740	00 00 00 00 00 00 00 00 00 00 00 00 00 00 00 00 
0000000100000750	00 00 00 00 00 00 00 00 00 00 00 00 00 00 00 00 
0000000100000760	00 00 00 00 00 00 00 00 00 00 00 00 00 00 00 00 
0000000100000770	00 00 00 00 00 00 00 00 00 00 00 00 00 00 00 00 
0000000100000780	00 00 00 00 00 00 00 00 00 00 00 00 00 00 00 00 
0000000100000790	00 00 00 00 00 00 00 00 00 00 00 00 00 00 00 00 
00000001000007a0	00 00 00 00 00 00 00 00 00 00 00 00 00 00 00 00 
00000001000007b0	00 00 00 00 00 00 00 00 00 00 00 00 00 00 00 00 
00000001000007c0	00 00 00 00 00 00 00 00 00 00 00 00 00 00 00 00 
00000001000007d0	00 00 00 00 00 00 00 00 00 00 00 00 00 00 00 00 
00000001000007e0	00 00 00 00 00 00 00 00 00 00 00 00 00 00 00 00 
00000001000007f0	00 00 00 00 00 00 00 00 00 00 00 00 00 00 00 00 
0000000100000800	00 00 00 00 00 00 00 00 00 00 00 00 00 00 00 00 
0000000100000810	00 00 00 00 00 00 00 00 00 00 00 00 00 00 00 00 
0000000100000820	00 00 00 00 00 00 00 00 00 00 00 00 00 00 00 00 
0000000100000830	00 00 00 00 00 00 00 00 00 00 00 00 00 00 00 00 
0000000100000840	00 00 00 00 00 00 00 00 00 00 00 00 00 00 00 00 
0000000100000850	00 00 00 00 00 00 00 00 00 00 00 00 00 00 00 00 
0000000100000860	00 00 00 00 00 00 00 00 00 00 00 00 00 00 00 00 
0000000100000870	00 00 00 00 00 00 00 00 00 00 00 00 00 00 00 00 
0000000100000880	00 00 00 00 00 00 00 00 00 00 00 00 00 00 00 00 
0000000100000890	00 00 00 00 00 00 00 00 00 00 00 00 00 00 00 00 
00000001000008a0	00 00 00 00 00 00 00 00 00 00 00 00 00 00 00 00 
00000001000008b0	00 00 00 00 00 00 00 00 00 00 00 00 00 00 00 00 
00000001000008c0	00 00 00 00 00 00 00 00 00 00 00 00 00 00 00 00 
00000001000008d0	00 00 00 00 00 00 00 00 00 00 00 00 00 00 00 00 
00000001000008e0	00 00 00 00 00 00 00 00 00 00 00 00 00 00 00 00 
00000001000008f0	00 00 00 00 00 00 00 00 00 00 00 00 00 00 00 00 
0000000100000900	00 00 00 00 00 00 00 00 00 00 00 00 00 00 00 00 
0000000100000910	00 00 00 00 00 00 00 00 00 00 00 00 00 00 00 00 
0000000100000920	00 00 00 00 00 00 00 00 00 00 00 00 00 00 00 00 
0000000100000930	00 00 00 00 00 00 00 00 00 00 00 00 00 00 00 00 
0000000100000940	00 00 00 00 00 00 00 00 00 00 00 00 00 00 00 00 
0000000100000950	00 00 00 00 00 00 00 00 00 00 00 00 00 00 00 00 
0000000100000960	00 00 00 00 00 00 00 00 00 00 00 00 00 00 00 00 
0000000100000970	00 00 00 00 00 00 00 00 00 00 00 00 00 00 00 00 
0000000100000980	00 00 00 00 00 00 00 00 00 00 00 00 00 00 00 00 
0000000100000990	00 00 00 00 00 00 00 00 00 00 00 00 00 00 00 00 
00000001000009a0	00 00 00 00 00 00 00 00 00 00 00 00 00 00 00 00 
00000001000009b0	00 00 00 00 00 00 00 00 00 00 00 00 00 00 00 00 
00000001000009c0	00 00 00 00 00 00 00 00 00 00 00 00 00 00 00 00 
00000001000009d0	00 00 00 00 00 00 00 00 00 00 00 00 00 00 00 00 
00000001000009e0	00 00 00 00 00 00 00 00 00 00 00 00 00 00 00 00 
00000001000009f0	00 00 00 00 00 00 00 00 00 00 00 00 00 00 00 00 
0000000100000a00	00 00 00 00 00 00 00 00 00 00 00 00 00 00 00 00 
0000000100000a10	00 00 00 00 00 00 00 00 00 00 00 00 00 00 00 00 
0000000100000a20	00 00 00 00 00 00 00 00 00 00 00 00 00 00 00 00 
0000000100000a30	00 00 00 00 00 00 00 00 00 00 00 00 00 00 00 00 
0000000100000a40	00 00 00 00 00 00 00 00 00 00 00 00 00 00 00 00 
0000000100000a50	00 00 00 00 00 00 00 00 00 00 00 00 00 00 00 00 
0000000100000a60	00 00 00 00 00 00 00 00 00 00 00 00 00 00 00 00 
0000000100000a70	00 00 00 00 00 00 00 00 00 00 00 00 00 00 00 00 
0000000100000a80	00 00 00 00 00 00 00 00 00 00 00 00 00 00 00 00 
0000000100000a90	00 00 00 00 00 00 00 00 00 00 00 00 00 00 00 00 
0000000100000aa0	00 00 00 00 00 00 00 00 00 00 00 00 00 00 00 00 
0000000100000ab0	00 00 00 00 00 00 00 00 00 00 00 00 00 00 00 00 
0000000100000ac0	00 00 00 00 00 00 00 00 00 00 00 00 00 00 00 00 
0000000100000ad0	00 00 00 00 00 00 00 00 00 00 00 00 00 00 00 00 
0000000100000ae0	00 00 00 00 00 00 00 00 00 00 00 00 00 00 00 00 
0000000100000af0	00 00 00 00 00 00 00 00 00 00 00 00 00 00 00 00 
0000000100000b00	00 00 00 00 00 00 00 00 00 00 00 00 00 00 00 00 
0000000100000b10	00 00 00 00 00 00 00 00 00 00 00 00 00 00 00 00 
0000000100000b20	00 00 00 00 00 00 00 00 00 00 00 00 00 00 00 00 
0000000100000b30	00 00 00 00 00 00 00 00 00 00 00 00 00 00 00 00 
0000000100000b40	00 00 00 00 00 00 00 00 00 00 00 00 00 00 00 00 
0000000100000b50	00 00 00 00 00 00 00 00 00 00 00 00 00 00 00 00 
0000000100000b60	00 00 00 00 00 00 00 00 00 00 00 00 00 00 00 00 
0000000100000b70	00 00 00 00 00 00 00 00 00 00 00 00 00 00 00 00 
0000000100000b80	00 00 00 00 00 00 00 00 00 00 00 00 00 00 00 00 
0000000100000b90	00 00 00 00 00 00 00 00 00 00 00 00 00 00 00 00 
0000000100000ba0	00 00 00 00 00 00 00 00 00 00 00 00 00 00 00 00 
0000000100000bb0	00 00 00 00 00 00 00 00 00 00 00 00 00 00 00 00 
0000000100000bc0	00 00 00 00 00 00 00 00 00 00 00 00 00 00 00 00 
0000000100000bd0	00 00 00 00 00 00 00 00 00 00 00 00 00 00 00 00 
0000000100000be0	00 00 00 00 00 00 00 00 00 00 00 00 00 00 00 00 
0000000100000bf0	00 00 00 00 00 00 00 00 00 00 00 00 00 00 00 00 
0000000100000c00	00 00 00 00 00 00 00 00 00 00 00 00 00 00 00 00 
0000000100000c10	00 00 00 00 00 00 00 00 00 00 00 00 00 00 00 00 
0000000100000c20	00 00 00 00 00 00 00 00 00 00 00 00 00 00 00 00 
0000000100000c30	00 00 00 00 00 00 00 00 00 00 00 00 00 00 00 00 
0000000100000c40	00 00 00 00 00 00 00 00 00 00 00 00 00 00 00 00 
0000000100000c50	00 00 00 00 00 00 00 00 00 00 00 00 00 00 00 00 
0000000100000c60	00 00 00 00 00 00 00 00 00 00 00 00 00 00 00 00 
0000000100000c70	00 00 00 00 00 00 00 00 00 00 00 00 00 00 00 00 
0000000100000c80	00 00 00 00 00 00 00 00 00 00 00 00 00 00 00 00 
0000000100000c90	00 00 00 00 00 00 00 00 00 00 00 00 00 00 00 00 
0000000100000ca0	00 00 00 00 00 00 00 00 00 00 00 00 00 00 00 00 
0000000100000cb0	00 00 00 00 00 00 00 00 00 00 00 00 00 00 00 00 
0000000100000cc0	00 00 00 00 00 00 00 00 00 00 00 00 00 00 00 00 
0000000100000cd0	00 00 00 00 00 00 00 00 00 00 00 00 00 00 00 00 
0000000100000ce0	00 00 00 00 00 00 00 00 00 00 00 00 00 00 00 00 
0000000100000cf0	00 00 00 00 00 00 00 00 00 00 00 00 00 00 00 00 
0000000100000d00	00 00 00 00 00 00 00 00 00 00 00 00 00 00 00 00 
0000000100000d10	00 00 00 00 00 00 00 00 00 00 00 00 00 00 00 00 
0000000100000d20	00 00 00 00 00 00 00 00 00 00 00 00 00 00 00 00 
0000000100000d30	00 00 00 00 00 00 00 00 00 00 00 00 00 00 00 00 
0000000100000d40	00 00 00 00 00 00 00 00 00 00 00 00 00 00 00 00 
0000000100000d50	00 00 00 00 00 00 00 00 00 00 00 00 00 00 00 00 
0000000100000d60	00 00 00 00 00 00 00 00 00 00 00 00 00 00 00 00 
0000000100000d70	00 00 00 00 00 00 00 00 00 00 00 00 00 00 00 00 
0000000100000d80	00 00 00 00 00 00 00 00 00 00 00 00 00 00 00 00 
0000000100000d90	00 00 00 00 00 00 00 00 00 00 00 00 00 00 00 00 
0000000100000da0	00 00 00 00 00 00 00 00 00 00 00 00 00 00 00 00 
0000000100000db0	00 00 00 00 00 00 00 00 00 00 00 00 00 00 00 00 
0000000100000dc0	00 00 00 00 00 00 00 00 00 00 00 00 00 00 00 00 
0000000100000dd0	00 00 00 00 00 00 00 00 00 00 00 00 00 00 00 00 
0000000100000de0	00 00 00 00 00 00 00 00 00 00 00 00 00 00 00 00 
0000000100000df0	00 00 00 00 00 00 00 00 00 00 00 00 00 00 00 00 
0000000100000e00	00 00 00 00 00 00 00 00 00 00 00 00 00 00 00 00 
0000000100000e10	00 00 00 00 00 00 00 00 00 00 00 00 00 00 00 00 
0000000100000e20	00 00 00 00 00 00 00 00 00 00 00 00 00 00 00 00 
0000000100000e30	00 00 00 00 00 00 00 00 00 00 00 00 00 00 00 00 
0000000100000e40	00 00 00 00 00 00 00 00 00 00 00 00 00 00 00 00 
0000000100000e50	00 00 00 00 00 00 00 00 00 00 00 00 00 00 00 00 
0000000100000e60	00 00 00 00 00 00 00 00 00 00 00 00 00 00 00 00 
0000000100000e70	00 00 00 00 00 00 00 00 00 00 00 00 00 00 00 00 
0000000100000e80	00 00 00 00 00 00 00 00 00 00 00 00 00 00 00 00 
0000000100000e90	00 00 00 00 00 00 00 00 00 00 00 00 00 00 00 00 
0000000100000ea0	00 00 00 00 00 00 00 00 00 00 00 00 00 00 00 00 
0000000100000eb0	00 00 00 00 00 00 00 00 00 00 00 00 00 00 00 00 
0000000100000ec0	00 00 00 00 00 00 00 00 00 00 00 00 00 00 00 00 
0000000100000ed0	00 00 00 00 00 00 00 00 00 00 00 00 00 00 00 00 
0000000100000ee0	00 00 00 00 00 00 00 00 00 00 00 00 00 00 00 00 
0000000100000ef0	00 00 00 00 00 00 00 00 00 00 00 00 00 00 00 00 
0000000100000f00	00 00 00 00 00 00 00 00 00 00 00 00 00 00 00 00 
0000000100000f10	00 00 00 00 00 00 00 00 00 00 00 00 00 00 00 00 
0000000100000f20	00 00 00 00 00 00 00 00 00 00 00 00 00 00 00 00 
0000000100000f30	00 00 00 00 00 00 00 00 00 00 00 00 00 00 00 00 
0000000100000f40	00 00 00 00 00 00 00 00 00 00 00 00 00 00 00 00 
0000000100000f50	00 00 00 00 00 00 00 00 00 00 00 00 00 00 00 00 
0000000100000f60	00 00 00 00 00 00 00 00 00 00 00 00 00 00 00 00 
0000000100000f70	00 00 00 00 00 00 00 00 00 00 00 00 00 00 00 00 
0000000100000f80	00 00 00 00 00 00 00 00 00 00 00 00 00 00 00 00 
0000000100000f90	00 00 00 00 00 00 00 00 00 00 00 00 00 00 00 00 
0000000100000fa0	00 00 00 00 00 00 00 00 00 00 00 00 00 00 00 00 
0000000100000fb0	00 00 00 00 00 00 00 00 00 00 00 00 00 00 00 00 
0000000100000fc0	00 00 00 00 00 00 00 00 00 00 00 00 00 00 00 00 
0000000100000fd0	00 00 00 00 00 00 00 00 00 00 00 00 00 00 00 00 
0000000100000fe0	00 00 00 00 00 00 00 00 00 00 00 00 00 00 00 00 
0000000100000ff0	00 00 00 00 00 00 00 00 00 00 00 00 00 00 00 00 
0000000100001000	00 00 00 00 00 00 00 00 00 00 00 00 00 00 00 00 
0000000100001010	00 00 00 00 00 00 00 00 00 00 00 00 00 00 00 00 
0000000100001020	00 00 00 00 00 00 00 00 00 00 00 00 00 00 00 00 
0000000100001030	00 00 00 00 00 00 00 00 00 00 00 00 00 00 00 00 
0000000100001040	00 00 00 00 00 00 00 00 00 00 00 00 00 00 00 00 
0000000100001050	00 00 00 00 00 00 00 00 00 00 00 00 00 00 00 00 
0000000100001060	00 00 00 00 00 00 00 00 00 00 00 00 00 00 00 00 
0000000100001070	00 00 00 00 00 00 00 00 00 00 00 00 00 00 00 00 
0000000100001080	00 00 00 00 00 00 00 00 00 00 00 00 00 00 00 00 
0000000100001090	00 00 00 00 00 00 00 00 00 00 00 00 00 00 00 00 
00000001000010a0	00 00 00 00 00 00 00 00 00 00 00 00 00 00 00 00 
00000001000010b0	00 00 00 00 00 00 00 00 00 00 00 00 00 00 00 00 
00000001000010c0	00 00 00 00 00 00 00 00 00 00 00 00 00 00 00 00 
00000001000010d0	00 00 00 00 00 00 00 00 00 00 00 00 00 00 00 00 
00000001000010e0	00 00 00 00 00 00 00 00 00 00 00 00 00 00 00 00 
00000001000010f0	00 00 00 00 00 00 00 00 00 00 00 00 00 00 00 00 
0000000100001100	00 00 00 00 00 00 00 00 00 00 00 00 00 00 00 00 
0000000100001110	00 00 00 00 00 00 00 00 00 00 00 00 00 00 00 00 
0000000100001120	00 00 00 00 00 00 00 00 00 00 00 00 00 00 00 00 
0000000100001130	00 00 00 00 00 00 00 00 00 00 00 00 00 00 00 00 
0000000100001140	00 00 00 00 00 00 00 00 00 00 00 00 00 00 00 00 
0000000100001150	00 00 00 00 00 00 00 00 00 00 00 00 00 00 00 00 
0000000100001160	00 00 00 00 00 00 00 00 00 00 00 00 00 00 00 00 
0000000100001170	00 00 00 00 00 00 00 00 00 00 00 00 00 00 00 00 
0000000100001180	00 00 00 00 00 00 00 00 00 00 00 00 00 00 00 00 
0000000100001190	00 00 00 00 00 00 00 00 00 00 00 00 00 00 00 00 
00000001000011a0	00 00 00 00 00 00 00 00 00 00 00 00 00 00 00 00 
00000001000011b0	00 00 00 00 00 00 00 00 00 00 00 00 00 00 00 00 
00000001000011c0	00 00 00 00 00 00 00 00 00 00 00 00 00 00 00 00 
00000001000011d0	00 00 00 00 00 00 00 00 00 00 00 00 00 00 00 00 
00000001000011e0	00 00 00 00 00 00 00 00 00 00 00 00 00 00 00 00 
00000001000011f0	00 00 00 00 00 00 00 00 00 00 00 00 00 00 00 00 
0000000100001200	00 00 00 00 00 00 00 00 00 00 00 00 00 00 00 00 
0000000100001210	00 00 00 00 00 00 00 00 00 00 00 00 00 00 00 00 
0000000100001220	00 00 00 00 00 00 00 00 00 00 00 00 00 00 00 00 
0000000100001230	00 00 00 00 00 00 00 00 00 00 00 00 00 00 00 00 
0000000100001240	00 00 00 00 00 00 00 00 00 00 00 00 00 00 00 00 
0000000100001250	00 00 00 00 00 00 00 00 00 00 00 00 00 00 00 00 
0000000100001260	00 00 00 00 00 00 00 00 00 00 00 00 00 00 00 00 
0000000100001270	00 00 00 00 00 00 00 00 00 00 00 00 00 00 00 00 
0000000100001280	00 00 00 00 00 00 00 00 00 00 00 00 00 00 00 00 
0000000100001290	00 00 00 00 00 00 00 00 00 00 00 00 00 00 00 00 
00000001000012a0	00 00 00 00 00 00 00 00 00 00 00 00 00 00 00 00 
00000001000012b0	00 00 00 00 00 00 00 00 00 00 00 00 00 00 00 00 
00000001000012c0	00 00 00 00 00 00 00 00 00 00 00 00 00 00 00 00 
00000001000012d0	00 00 00 00 00 00 00 00 00 00 00 00 00 00 00 00 
00000001000012e0	00 00 00 00 00 00 00 00 00 00 00 00 00 00 00 00 
00000001000012f0	00 00 00 00 00 00 00 00 00 00 00 00 00 00 00 00 
0000000100001300	00 00 00 00 00 00 00 00 00 00 00 00 00 00 00 00 
0000000100001310	00 00 00 00 00 00 00 00 00 00 00 00 00 00 00 00 
0000000100001320	00 00 00 00 00 00 00 00 00 00 00 00 00 00 00 00 
0000000100001330	00 00 00 00 00 00 00 00 00 00 00 00 00 00 00 00 
0000000100001340	00 00 00 00 00 00 00 00 00 00 00 00 00 00 00 00 
0000000100001350	00 00 00 00 00 00 00 00 00 00 00 00 00 00 00 00 
0000000100001360	00 00 00 00 00 00 00 00 00 00 00 00 00 00 00 00 
0000000100001370	00 00 00 00 00 00 00 00 00 00 00 00 00 00 00 00 
0000000100001380	00 00 00 00 00 00 00 00 00 00 00 00 00 00 00 00 
0000000100001390	00 00 00 00 00 00 00 00 00 00 00 00 00 00 00 00 
00000001000013a0	00 00 00 00 00 00 00 00 00 00 00 00 00 00 00 00 
00000001000013b0	00 00 00 00 00 00 00 00 00 00 00 00 00 00 00 00 
00000001000013c0	00 00 00 00 00 00 00 00 00 00 00 00 00 00 00 00 
00000001000013d0	00 00 00 00 00 00 00 00 00 00 00 00 00 00 00 00 
00000001000013e0	00 00 00 00 00 00 00 00 00 00 00 00 00 00 00 00 
00000001000013f0	00 00 00 00 00 00 00 00 00 00 00 00 00 00 00 00 
0000000100001400	00 00 00 00 00 00 00 00 00 00 00 00 00 00 00 00 
0000000100001410	00 00 00 00 00 00 00 00 00 00 00 00 00 00 00 00 
0000000100001420	00 00 00 00 00 00 00 00 00 00 00 00 00 00 00 00 
0000000100001430	00 00 00 00 00 00 00 00 00 00 00 00 00 00 00 00 
0000000100001440	00 00 00 00 00 00 00 00 00 00 00 00 00 00 00 00 
0000000100001450	00 00 00 00 00 00 00 00 00 00 00 00 00 00 00 00 
0000000100001460	00 00 00 00 00 00 00 00 00 00 00 00 00 00 00 00 
0000000100001470	00 00 00 00 00 00 00 00 00 00 00 00 00 00 00 00 
0000000100001480	00 00 00 00 00 00 00 00 00 00 00 00 00 00 00 00 
0000000100001490	00 00 00 00 00 00 00 00 00 00 00 00 00 00 00 00 
00000001000014a0	00 00 00 00 00 00 00 00 00 00 00 00 00 00 00 00 
00000001000014b0	00 00 00 00 00 00 00 00 00 00 00 00 00 00 00 00 
00000001000014c0	00 00 00 00 00 00 00 00 00 00 00 00 00 00 00 00 
00000001000014d0	00 00 00 00 00 00 00 00 00 00 00 00 00 00 00 00 
00000001000014e0	00 00 00 00 00 00 00 00 00 00 00 00 00 00 00 00 
00000001000014f0	00 00 00 00 00 00 00 00 00 00 00 00 00 00 00 00 
0000000100001500	00 00 00 00 00 00 00 00 00 00 00 00 00 00 00 00 
0000000100001510	00 00 00 00 00 00 00 00 00 00 00 00 00 00 00 00 
0000000100001520	00 00 00 00 00 00 00 00 00 00 00 00 00 00 00 00 
0000000100001530	00 00 00 00 00 00 00 00 00 00 00 00 00 00 00 00 
0000000100001540	00 00 00 00 00 00 00 00 00 00 00 00 00 00 00 00 
0000000100001550	00 00 00 00 00 00 00 00 00 00 00 00 00 00 00 00 
0000000100001560	00 00 00 00 00 00 00 00 00 00 00 00 00 00 00 00 
0000000100001570	00 00 00 00 00 00 00 00 00 00 00 00 00 00 00 00 
0000000100001580	00 00 00 00 00 00 00 00 00 00 00 00 00 00 00 00 
0000000100001590	00 00 00 00 00 00 00 00 00 00 00 00 00 00 00 00 
00000001000015a0	00 00 00 00 00 00 00 00 00 00 00 00 00 00 00 00 
00000001000015b0	00 00 00 00 00 00 00 00 00 00 00 00 00 00 00 00 
00000001000015c0	00 00 00 00 00 00 00 00 00 00 00 00 00 00 00 00 
00000001000015d0	00 00 00 00 00 00 00 00 00 00 00 00 00 00 00 00 
00000001000015e0	00 00 00 00 00 00 00 00 00 00 00 00 00 00 00 00 
00000001000015f0	00 00 00 00 00 00 00 00 00 00 00 00 00 00 00 00 
0000000100001600	00 00 00 00 00 00 00 00 00 00 00 00 00 00 00 00 
0000000100001610	00 00 00 00 00 00 00 00 00 00 00 00 00 00 00 00 
0000000100001620	00 00 00 00 00 00 00 00 00 00 00 00 00 00 00 00 
0000000100001630	00 00 00 00 00 00 00 00 00 00 00 00 00 00 00 00 
0000000100001640	00 00 00 00 00 00 00 00 00 00 00 00 00 00 00 00 
0000000100001650	00 00 00 00 00 00 00 00 00 00 00 00 00 00 00 00 
0000000100001660	00 00 00 00 00 00 00 00 00 00 00 00 00 00 00 00 
0000000100001670	00 00 00 00 00 00 00 00 00 00 00 00 00 00 00 00 
0000000100001680	00 00 00 00 00 00 00 00 00 00 00 00 00 00 00 00 
0000000100001690	00 00 00 00 00 00 00 00 00 00 00 00 00 00 00 00 
00000001000016a0	00 00 00 00 00 00 00 00 00 00 00 00 00 00 00 00 
00000001000016b0	00 00 00 00 00 00 00 00 00 00 00 00 00 00 00 00 
00000001000016c0	00 00 00 00 00 00 00 00 00 00 00 00 00 00 00 00 
00000001000016d0	00 00 00 00 00 00 00 00 00 00 00 00 00 00 00 00 
00000001000016e0	00 00 00 00 00 00 00 00 00 00 00 00 00 00 00 00 
00000001000016f0	00 00 00 00 00 00 00 00 00 00 00 00 00 00 00 00 
0000000100001700	00 00 00 00 00 00 00 00 00 00 00 00 00 00 00 00 
0000000100001710	00 00 00 00 00 00 00 00 00 00 00 00 00 00 00 00 
0000000100001720	00 00 00 00 00 00 00 00 00 00 00 00 00 00 00 00 
0000000100001730	00 00 00 00 00 00 00 00 00 00 00 00 00 00 00 00 
0000000100001740	00 00 00 00 00 00 00 00 00 00 00 00 00 00 00 00 
0000000100001750	00 00 00 00 00 00 00 00 00 00 00 00 00 00 00 00 
0000000100001760	00 00 00 00 00 00 00 00 00 00 00 00 00 00 00 00 
0000000100001770	00 00 00 00 00 00 00 00 00 00 00 00 00 00 00 00 
0000000100001780	00 00 00 00 00 00 00 00 00 00 00 00 00 00 00 00 
0000000100001790	00 00 00 00 00 00 00 00 00 00 00 00 00 00 00 00 
00000001000017a0	00 00 00 00 00 00 00 00 00 00 00 00 00 00 00 00 
00000001000017b0	00 00 00 00 00 00 00 00 00 00 00 00 00 00 00 00 
00000001000017c0	00 00 00 00 00 00 00 00 00 00 00 00 00 00 00 00 
00000001000017d0	00 00 00 00 00 00 00 00 00 00 00 00 00 00 00 00 
00000001000017e0	00 00 00 00 00 00 00 00 00 00 00 00 00 00 00 00 
00000001000017f0	00 00 00 00 00 00 00 00 00 00 00 00 00 00 00 00 
0000000100001800	00 00 00 00 00 00 00 00 00 00 00 00 00 00 00 00 
0000000100001810	00 00 00 00 00 00 00 00 00 00 00 00 00 00 00 00 
0000000100001820	00 00 00 00 00 00 00 00 00 00 00 00 00 00 00 00 
0000000100001830	00 00 00 00 00 00 00 00 00 00 00 00 00 00 00 00 
0000000100001840	00 00 00 00 00 00 00 00 00 00 00 00 00 00 00 00 
0000000100001850	00 00 00 00 00 00 00 00 00 00 00 00 00 00 00 00 
0000000100001860	00 00 00 00 00 00 00 00 00 00 00 00 00 00 00 00 
0000000100001870	00 00 00 00 00 00 00 00 00 00 00 00 00 00 00 00 
0000000100001880	00 00 00 00 00 00 00 00 00 00 00 00 00 00 00 00 
0000000100001890	00 00 00 00 00 00 00 00 00 00 00 00 00 00 00 00 
00000001000018a0	00 00 00 00 00 00 00 00 00 00 00 00 00 00 00 00 
00000001000018b0	00 00 00 00 00 00 00 00 00 00 00 00 00 00 00 00 
00000001000018c0	00 00 00 00 00 00 00 00 00 00 00 00 00 00 00 00 
00000001000018d0	00 00 00 00 00 00 00 00 00 00 00 00 00 00 00 00 
00000001000018e0	00 00 00 00 00 00 00 00 00 00 00 00 00 00 00 00 
00000001000018f0	00 00 00 00 00 00 00 00 00 00 00 00 00 00 00 00 
0000000100001900	00 00 00 00 00 00 00 00 00 00 00 00 00 00 00 00 
0000000100001910	00 00 00 00 00 00 00 00 00 00 00 00 00 00 00 00 
0000000100001920	00 00 00 00 00 00 00 00 00 00 00 00 00 00 00 00 
0000000100001930	00 00 00 00 00 00 00 00 00 00 00 00 00 00 00 00 
0000000100001940	00 00 00 00 00 00 00 00 00 00 00 00 00 00 00 00 
0000000100001950	00 00 00 00 00 00 00 00 00 00 00 00 00 00 00 00 
0000000100001960	00 00 00 00 00 00 00 00 00 00 00 00 00 00 00 00 
0000000100001970	00 00 00 00 00 00 00 00 00 00 00 00 00 00 00 00 
0000000100001980	00 00 00 00 00 00 00 00 00 00 00 00 00 00 00 00 
0000000100001990	00 00 00 00 00 00 00 00 00 00 00 00 00 00 00 00 
00000001000019a0	00 00 00 00 00 00 00 00 00 00 00 00 00 00 00 00 
00000001000019b0	00 00 00 00 00 00 00 00 00 00 00 00 00 00 00 00 
00000001000019c0	00 00 00 00 00 00 00 00 00 00 00 00 00 00 00 00 
00000001000019d0	00 00 00 00 00 00 00 00 00 00 00 00 00 00 00 00 
00000001000019e0	00 00 00 00 00 00 00 00 00 00 00 00 00 00 00 00 
00000001000019f0	00 00 00 00 00 00 00 00 00 00 00 00 00 00 00 00 
0000000100001a00	00 00 00 00 00 00 00 00 00 00 00 00 00 00 00 00 
