/usr/bin/vmmap32:
Contents of (__TEXT,__text) section
0000000100000000	ce fa ed fe 07 00 00 00 03 00 00 00 02 00 00 00 
0000000100000010	17 00 00 00 a0 0b 00 00 85 00 20 01 01 00 00 00 
0000000100000020	38 00 00 00 5f 5f 50 41 47 45 5a 45 52 4f 00 00 
0000000100000030	00 00 00 00 00 00 00 00 00 10 00 00 00 00 00 00 
0000000100000040	00 00 00 00 00 00 00 00 00 00 00 00 00 00 00 00 
0000000100000050	00 00 00 00 01 00 00 00 58 02 00 00 5f 5f 54 45 
0000000100000060	58 54 00 00 00 00 00 00 00 00 00 00 00 10 00 00 
0000000100000070	00 90 00 00 00 00 00 00 00 90 00 00 07 00 00 00 
0000000100000080	05 00 00 00 08 00 00 00 00 00 00 00 5f 5f 74 65 
0000000100000090	78 74 00 00 00 00 00 00 00 00 00 00 5f 5f 54 45 
00000001000000a0	58 54 00 00 00 00 00 00 00 00 00 00 36 25 00 00 
00000001000000b0	c4 51 00 00 36 15 00 00 00 00 00 00 00 00 00 00 
00000001000000c0	00 00 00 00 00 04 00 80 00 00 00 00 00 00 00 00 
00000001000000d0	5f 5f 73 79 6d 62 6f 6c 5f 73 74 75 62 00 00 00 
00000001000000e0	5f 5f 54 45 58 54 00 00 00 00 00 00 00 00 00 00 
00000001000000f0	fa 76 00 00 fa 02 00 00 fa 66 00 00 01 00 00 00 
0000000100000100	00 00 00 00 00 00 00 00 08 05 00 80 00 00 00 00 
0000000100000110	06 00 00 00 5f 5f 73 74 75 62 5f 68 65 6c 70 65 
0000000100000120	72 00 00 00 5f 5f 54 45 58 54 00 00 00 00 00 00 
0000000100000130	00 00 00 00 f4 79 00 00 02 05 00 00 f4 69 00 00 
0000000100000140	02 00 00 00 00 00 00 00 00 00 00 00 00 05 00 80 
0000000100000150	00 00 00 00 00 00 00 00 5f 5f 63 73 74 72 69 6e 
0000000100000160	67 00 00 00 00 00 00 00 5f 5f 54 45 58 54 00 00 
0000000100000170	00 00 00 00 00 00 00 00 f6 7e 00 00 29 1e 00 00 
0000000100000180	f6 6e 00 00 00 00 00 00 00 00 00 00 00 00 00 00 
0000000100000190	02 00 00 00 00 00 00 00 00 00 00 00 5f 5f 6f 62 
00000001000001a0	6a 63 5f 63 6c 61 73 73 6e 61 6d 65 5f 5f 54 45 
00000001000001b0	58 54 00 00 00 00 00 00 00 00 00 00 1f 9d 00 00 
00000001000001c0	01 00 00 00 1f 8d 00 00 00 00 00 00 00 00 00 00 
00000001000001d0	00 00 00 00 02 00 00 00 00 00 00 00 00 00 00 00 
00000001000001e0	5f 5f 63 6f 6e 73 74 00 00 00 00 00 00 00 00 00 
00000001000001f0	5f 5f 54 45 58 54 00 00 00 00 00 00 00 00 00 00 
0000000100000200	20 9d 00 00 40 00 00 00 20 8d 00 00 03 00 00 00 
0000000100000210	00 00 00 00 00 00 00 00 00 00 00 00 00 00 00 00 
0000000100000220	00 00 00 00 5f 5f 69 6e 66 6f 5f 70 6c 69 73 74 
0000000100000230	00 00 00 00 5f 5f 54 45 58 54 00 00 00 00 00 00 
0000000100000240	00 00 00 00 60 9d 00 00 51 02 00 00 60 8d 00 00 
0000000100000250	00 00 00 00 00 00 00 00 00 00 00 00 00 00 00 00 
0000000100000260	00 00 00 00 00 00 00 00 5f 5f 75 6e 77 69 6e 64 
0000000100000270	5f 69 6e 66 6f 00 00 00 5f 5f 54 45 58 54 00 00 
0000000100000280	00 00 00 00 00 00 00 00 b4 9f 00 00 48 00 00 00 
0000000100000290	b4 8f 00 00 02 00 00 00 00 00 00 00 00 00 00 00 
00000001000002a0	00 00 00 00 00 00 00 00 00 00 00 00 01 00 00 00 
00000001000002b0	14 02 00 00 5f 5f 44 41 54 41 00 00 00 00 00 00 
00000001000002c0	00 00 00 00 00 a0 00 00 00 10 00 00 00 90 00 00 
00000001000002d0	00 10 00 00 07 00 00 00 03 00 00 00 07 00 00 00 
00000001000002e0	00 00 00 00 5f 5f 6e 6c 5f 73 79 6d 62 6f 6c 5f 
00000001000002f0	70 74 72 00 5f 5f 44 41 54 41 00 00 00 00 00 00 
0000000100000300	00 00 00 00 00 a0 00 00 3c 00 00 00 00 90 00 00 
0000000100000310	02 00 00 00 00 00 00 00 00 00 00 00 06 00 00 00 
0000000100000320	7f 00 00 00 00 00 00 00 5f 5f 6c 61 5f 73 79 6d 
0000000100000330	62 6f 6c 5f 70 74 72 00 5f 5f 44 41 54 41 00 00 
0000000100000340	00 00 00 00 00 00 00 00 3c a0 00 00 fc 01 00 00 
0000000100000350	3c 90 00 00 02 00 00 00 00 00 00 00 00 00 00 00 
0000000100000360	07 00 00 00 8e 00 00 00 00 00 00 00 5f 5f 63 6f 
0000000100000370	6e 73 74 00 00 00 00 00 00 00 00 00 5f 5f 44 41 
0000000100000380	54 41 00 00 00 00 00 00 00 00 00 00 40 a2 00 00 
0000000100000390	e4 03 00 00 40 92 00 00 04 00 00 00 00 00 00 00 
00000001000003a0	00 00 00 00 00 00 00 00 00 00 00 00 00 00 00 00 
00000001000003b0	5f 5f 63 66 73 74 72 69 6e 67 00 00 00 00 00 00 
00000001000003c0	5f 5f 44 41 54 41 00 00 00 00 00 00 00 00 00 00 
00000001000003d0	24 a6 00 00 d0 02 00 00 24 96 00 00 02 00 00 00 
00000001000003e0	00 00 00 00 00 00 00 00 00 00 00 00 00 00 00 00 
00000001000003f0	00 00 00 00 5f 5f 64 61 74 61 00 00 00 00 00 00 
0000000100000400	00 00 00 00 5f 5f 44 41 54 41 00 00 00 00 00 00 
0000000100000410	00 00 00 00 f4 a8 00 00 04 00 00 00 f4 98 00 00 
0000000100000420	02 00 00 00 00 00 00 00 00 00 00 00 00 00 00 00 
0000000100000430	00 00 00 00 00 00 00 00 5f 5f 63 72 61 73 68 5f 
0000000100000440	69 6e 66 6f 00 00 00 00 5f 5f 44 41 54 41 00 00 
0000000100000450	00 00 00 00 00 00 00 00 f8 a8 00 00 40 00 00 00 
0000000100000460	f8 98 00 00 02 00 00 00 00 00 00 00 00 00 00 00 
0000000100000470	00 00 00 00 00 00 00 00 00 00 00 00 5f 5f 62 73 
0000000100000480	73 00 00 00 00 00 00 00 00 00 00 00 5f 5f 44 41 
0000000100000490	54 41 00 00 00 00 00 00 00 00 00 00 38 a9 00 00 
00000001000004a0	28 00 00 00 00 00 00 00 03 00 00 00 00 00 00 00 
00000001000004b0	00 00 00 00 01 00 00 00 00 00 00 00 00 00 00 00 
00000001000004c0	01 00 00 00 24 03 00 00 5f 5f 4f 42 4a 43 00 00 
00000001000004d0	00 00 00 00 00 00 00 00 00 b0 00 00 00 10 00 00 
00000001000004e0	00 a0 00 00 00 10 00 00 07 00 00 00 03 00 00 00 
00000001000004f0	0b 00 00 00 00 00 00 00 5f 5f 63 6c 73 5f 72 65 
0000000100000500	66 73 00 00 00 00 00 00 5f 5f 4f 42 4a 43 00 00 
0000000100000510	00 00 00 00 00 00 00 00 00 b0 00 00 44 00 00 00 
0000000100000520	00 a0 00 00 02 00 00 00 00 00 00 00 00 00 00 00 
0000000100000530	05 00 00 10 00 00 00 00 00 00 00 00 5f 5f 6d 65 
0000000100000540	73 73 61 67 65 5f 72 65 66 73 00 00 5f 5f 4f 42 
0000000100000550	4a 43 00 00 00 00 00 00 00 00 00 00 44 b0 00 00 
0000000100000560	54 01 00 00 44 a0 00 00 02 00 00 00 00 00 00 00 
0000000100000570	00 00 00 00 05 00 00 10 00 00 00 00 00 00 00 00 
0000000100000580	5f 5f 6d 6f 64 75 6c 65 5f 69 6e 66 6f 00 00 00 
0000000100000590	5f 5f 4f 42 4a 43 00 00 00 00 00 00 00 00 00 00 
00000001000005a0	98 b1 00 00 40 00 00 00 98 a1 00 00 02 00 00 00 
00000001000005b0	00 00 00 00 00 00 00 00 00 00 00 10 00 00 00 00 
00000001000005c0	00 00 00 00 5f 5f 63 6c 61 73 73 00 00 00 00 00 
00000001000005d0	00 00 00 00 5f 5f 4f 42 4a 43 00 00 00 00 00 00 
00000001000005e0	00 00 00 00 d8 b1 00 00 30 00 00 00 d8 a1 00 00 
00000001000005f0	02 00 00 00 00 00 00 00 00 00 00 00 00 00 00 10 
0000000100000600	00 00 00 00 00 00 00 00 5f 5f 6d 65 74 61 5f 63 
0000000100000610	6c 61 73 73 00 00 00 00 5f 5f 4f 42 4a 43 00 00 
0000000100000620	00 00 00 00 00 00 00 00 08 b2 00 00 30 00 00 00 
0000000100000630	08 a2 00 00 02 00 00 00 00 00 00 00 00 00 00 00 
0000000100000640	00 00 00 10 00 00 00 00 00 00 00 00 5f 5f 69 6e 
0000000100000650	73 74 61 6e 63 65 5f 76 61 72 73 00 5f 5f 4f 42 
0000000100000660	4a 43 00 00 00 00 00 00 00 00 00 00 38 b2 00 00 
0000000100000670	7c 00 00 00 38 a2 00 00 02 00 00 00 00 00 00 00 
0000000100000680	00 00 00 00 00 00 00 10 00 00 00 00 00 00 00 00 
0000000100000690	5f 5f 69 6e 73 74 5f 6d 65 74 68 00 00 00 00 00 
00000001000006a0	5f 5f 4f 42 4a 43 00 00 00 00 00 00 00 00 00 00 
00000001000006b0	b4 b2 00 00 bc 00 00 00 b4 a2 00 00 02 00 00 00 
00000001000006c0	00 00 00 00 00 00 00 00 00 00 00 10 00 00 00 00 
00000001000006d0	00 00 00 00 5f 5f 70 72 6f 70 65 72 74 79 00 00 
00000001000006e0	00 00 00 00 5f 5f 4f 42 4a 43 00 00 00 00 00 00 
00000001000006f0	00 00 00 00 70 b3 00 00 30 00 00 00 70 a3 00 00 
0000000100000700	02 00 00 00 00 00 00 00 00 00 00 00 00 00 00 10 
0000000100000710	00 00 00 00 00 00 00 00 5f 5f 63 6c 61 73 73 5f 
0000000100000720	65 78 74 00 00 00 00 00 5f 5f 4f 42 4a 43 00 00 
0000000100000730	00 00 00 00 00 00 00 00 a0 b3 00 00 0c 00 00 00 
0000000100000740	a0 a3 00 00 02 00 00 00 00 00 00 00 00 00 00 00 
0000000100000750	00 00 00 10 00 00 00 00 00 00 00 00 5f 5f 73 79 
0000000100000760	6d 62 6f 6c 73 00 00 00 00 00 00 00 5f 5f 4f 42 
0000000100000770	4a 43 00 00 00 00 00 00 00 00 00 00 ac b3 00 00 
0000000100000780	10 00 00 00 ac a3 00 00 02 00 00 00 00 00 00 00 
0000000100000790	00 00 00 00 00 00 00 10 00 00 00 00 00 00 00 00 
00000001000007a0	5f 5f 69 6d 61 67 65 5f 69 6e 66 6f 00 00 00 00 
00000001000007b0	5f 5f 4f 42 4a 43 00 00 00 00 00 00 00 00 00 00 
00000001000007c0	bc b3 00 00 08 00 00 00 bc a3 00 00 02 00 00 00 
00000001000007d0	00 00 00 00 00 00 00 00 00 00 00 10 00 00 00 00 
00000001000007e0	00 00 00 00 01 00 00 00 38 00 00 00 5f 5f 4c 49 
00000001000007f0	4e 4b 45 44 49 54 00 00 00 00 00 00 00 c0 00 00 
0000000100000800	00 90 00 00 00 b0 00 00 b0 87 00 00 07 00 00 00 
0000000100000810	01 00 00 00 00 00 00 00 00 00 00 00 22 00 00 80 
0000000100000820	30 00 00 00 00 b0 00 00 a8 00 00 00 a8 b0 00 00 
0000000100000830	88 01 00 00 00 00 00 00 00 00 00 00 30 b2 00 00 
0000000100000840	7c 0b 00 00 ac bd 00 00 44 00 00 00 02 00 00 00 
0000000100000850	18 00 00 00 54 be 00 00 a8 02 00 00 68 e2 00 00 
0000000100000860	e8 2e 00 00 0b 00 00 00 50 00 00 00 00 00 00 00 
0000000100000870	07 02 00 00 07 02 00 00 02 00 00 00 09 02 00 00 
0000000100000880	9f 00 00 00 00 00 00 00 00 00 00 00 00 00 00 00 
0000000100000890	00 00 00 00 00 00 00 00 00 00 00 00 34 de 00 00 
00000001000008a0	0d 01 00 00 00 00 00 00 00 00 00 00 00 00 00 00 
00000001000008b0	00 00 00 00 0e 00 00 00 1c 00 00 00 0c 00 00 00 
00000001000008c0	2f 75 73 72 2f 6c 69 62 2f 64 79 6c 64 00 00 00 
00000001000008d0	1b 00 00 00 18 00 00 00 77 24 da 28 9f e7 32 95 
00000001000008e0	8c 65 b5 58 59 e6 b4 62 24 00 00 00 10 00 00 00 
00000001000008f0	00 0c 0a 00 00 0c 0a 00 2a 00 00 00 10 00 00 00 
0000000100000900	00 00 00 40 00 4c f2 00 28 00 00 80 18 00 00 00 
0000000100000910	36 15 00 00 00 00 00 00 00 00 00 00 00 00 00 00 
0000000100000920	0c 00 00 00 74 00 00 00 18 00 00 00 02 00 00 00 
0000000100000930	00 00 5e f2 00 00 01 00 2f 53 79 73 74 65 6d 2f 
0000000100000940	4c 69 62 72 61 72 79 2f 50 72 69 76 61 74 65 46 
0000000100000950	72 61 6d 65 77 6f 72 6b 73 2f 43 6f 72 65 53 79 
0000000100000960	6d 62 6f 6c 69 63 61 74 69 6f 6e 2e 66 72 61 6d 
0000000100000970	65 77 6f 72 6b 2f 56 65 72 73 69 6f 6e 73 2f 41 
0000000100000980	2f 43 6f 72 65 53 79 6d 62 6f 6c 69 63 61 74 69 
0000000100000990	6f 6e 00 00 0c 00 00 00 6c 00 00 00 18 00 00 00 
00000001000009a0	02 00 00 00 00 01 60 f2 00 00 01 00 2f 53 79 73 
00000001000009b0	74 65 6d 2f 4c 69 62 72 61 72 79 2f 50 72 69 76 
00000001000009c0	61 74 65 46 72 61 6d 65 77 6f 72 6b 73 2f 53 79 
00000001000009d0	6d 62 6f 6c 69 63 61 74 69 6f 6e 2e 66 72 61 6d 
00000001000009e0	65 77 6f 72 6b 2f 56 65 72 73 69 6f 6e 73 2f 41 
00000001000009f0	2f 53 79 6d 62 6f 6c 69 63 61 74 69 6f 6e 00 00 
0000000100000a00	0c 00 00 00 60 00 00 00 18 00 00 00 02 00 00 00 
0000000100000a10	00 5b 45 05 00 00 2c 01 2f 53 79 73 74 65 6d 2f 
0000000100000a20	4c 69 62 72 61 72 79 2f 46 72 61 6d 65 77 6f 72 
0000000100000a30	6b 73 2f 46 6f 75 6e 64 61 74 69 6f 6e 2e 66 72 
0000000100000a40	61 6d 65 77 6f 72 6b 2f 56 65 72 73 69 6f 6e 73 
0000000100000a50	2f 43 2f 46 6f 75 6e 64 61 74 69 6f 6e 00 00 00 
0000000100000a60	0c 00 00 00 5c 00 00 00 18 00 00 00 02 00 00 00 
0000000100000a70	16 3c 8c e1 00 00 01 00 2f 53 79 73 74 65 6d 2f 
0000000100000a80	4c 69 62 72 61 72 79 2f 46 72 61 6d 65 77 6f 72 
0000000100000a90	6b 73 2f 53 65 63 75 72 69 74 79 2e 66 72 61 6d 
0000000100000aa0	65 77 6f 72 6b 2f 56 65 72 73 69 6f 6e 73 2f 41 
0000000100000ab0	2f 53 65 63 75 72 69 74 79 00 00 00 0c 00 00 00 
0000000100000ac0	34 00 00 00 18 00 00 00 02 00 00 00 00 00 e4 00 
0000000100000ad0	00 00 01 00 2f 75 73 72 2f 6c 69 62 2f 6c 69 62 
0000000100000ae0	6f 62 6a 63 2e 41 2e 64 79 6c 69 62 00 00 00 00 
0000000100000af0	0c 00 00 00 34 00 00 00 18 00 00 00 02 00 00 00 
0000000100000b00	02 3c d6 04 00 00 01 00 2f 75 73 72 2f 6c 69 62 
0000000100000b10	2f 6c 69 62 53 79 73 74 65 6d 2e 42 2e 64 79 6c 
0000000100000b20	69 62 00 00 0c 00 00 00 68 00 00 00 18 00 00 00 
0000000100000b30	02 00 00 00 00 5a 45 05 00 00 96 00 2f 53 79 73 
0000000100000b40	74 65 6d 2f 4c 69 62 72 61 72 79 2f 46 72 61 6d 
0000000100000b50	65 77 6f 72 6b 73 2f 43 6f 72 65 46 6f 75 6e 64 
0000000100000b60	61 74 69 6f 6e 2e 66 72 61 6d 65 77 6f 72 6b 2f 
0000000100000b70	56 65 72 73 69 6f 6e 73 2f 41 2f 43 6f 72 65 46 
0000000100000b80	6f 75 6e 64 61 74 69 6f 6e 00 00 00 26 00 00 00 
0000000100000b90	10 00 00 00 f0 bd 00 00 64 00 00 00 29 00 00 00 
0000000100000ba0	10 00 00 00 54 be 00 00 00 00 00 00 1d 00 00 00 
0000000100000bb0	10 00 00 00 50 11 01 00 60 26 00 00 00 00 00 00 
0000000100000bc0	00 00 00 00 00 00 00 00 00 00 00 00 00 00 00 00 
0000000100000bd0	00 00 00 00 00 00 00 00 00 00 00 00 00 00 00 00 
0000000100000be0	00 00 00 00 00 00 00 00 00 00 00 00 00 00 00 00 
0000000100000bf0	00 00 00 00 00 00 00 00 00 00 00 00 00 00 00 00 
0000000100000c00	00 00 00 00 00 00 00 00 00 00 00 00 00 00 00 00 
0000000100000c10	00 00 00 00 00 00 00 00 00 00 00 00 00 00 00 00 
0000000100000c20	00 00 00 00 00 00 00 00 00 00 00 00 00 00 00 00 
0000000100000c30	00 00 00 00 00 00 00 00 00 00 00 00 00 00 00 00 
0000000100000c40	00 00 00 00 00 00 00 00 00 00 00 00 00 00 00 00 
0000000100000c50	00 00 00 00 00 00 00 00 00 00 00 00 00 00 00 00 
0000000100000c60	00 00 00 00 00 00 00 00 00 00 00 00 00 00 00 00 
0000000100000c70	00 00 00 00 00 00 00 00 00 00 00 00 00 00 00 00 
0000000100000c80	00 00 00 00 00 00 00 00 00 00 00 00 00 00 00 00 
0000000100000c90	00 00 00 00 00 00 00 00 00 00 00 00 00 00 00 00 
0000000100000ca0	00 00 00 00 00 00 00 00 00 00 00 00 00 00 00 00 
0000000100000cb0	00 00 00 00 00 00 00 00 00 00 00 00 00 00 00 00 
0000000100000cc0	00 00 00 00 00 00 00 00 00 00 00 00 00 00 00 00 
0000000100000cd0	00 00 00 00 00 00 00 00 00 00 00 00 00 00 00 00 
0000000100000ce0	00 00 00 00 00 00 00 00 00 00 00 00 00 00 00 00 
0000000100000cf0	00 00 00 00 00 00 00 00 00 00 00 00 00 00 00 00 
0000000100000d00	00 00 00 00 00 00 00 00 00 00 00 00 00 00 00 00 
0000000100000d10	00 00 00 00 00 00 00 00 00 00 00 00 00 00 00 00 
0000000100000d20	00 00 00 00 00 00 00 00 00 00 00 00 00 00 00 00 
0000000100000d30	00 00 00 00 00 00 00 00 00 00 00 00 00 00 00 00 
0000000100000d40	00 00 00 00 00 00 00 00 00 00 00 00 00 00 00 00 
0000000100000d50	00 00 00 00 00 00 00 00 00 00 00 00 00 00 00 00 
0000000100000d60	00 00 00 00 00 00 00 00 00 00 00 00 00 00 00 00 
0000000100000d70	00 00 00 00 00 00 00 00 00 00 00 00 00 00 00 00 
0000000100000d80	00 00 00 00 00 00 00 00 00 00 00 00 00 00 00 00 
0000000100000d90	00 00 00 00 00 00 00 00 00 00 00 00 00 00 00 00 
0000000100000da0	00 00 00 00 00 00 00 00 00 00 00 00 00 00 00 00 
0000000100000db0	00 00 00 00 00 00 00 00 00 00 00 00 00 00 00 00 
0000000100000dc0	00 00 00 00 00 00 00 00 00 00 00 00 00 00 00 00 
0000000100000dd0	00 00 00 00 00 00 00 00 00 00 00 00 00 00 00 00 
0000000100000de0	00 00 00 00 00 00 00 00 00 00 00 00 00 00 00 00 
0000000100000df0	00 00 00 00 00 00 00 00 00 00 00 00 00 00 00 00 
0000000100000e00	00 00 00 00 00 00 00 00 00 00 00 00 00 00 00 00 
0000000100000e10	00 00 00 00 00 00 00 00 00 00 00 00 00 00 00 00 
0000000100000e20	00 00 00 00 00 00 00 00 00 00 00 00 00 00 00 00 
0000000100000e30	00 00 00 00 00 00 00 00 00 00 00 00 00 00 00 00 
0000000100000e40	00 00 00 00 00 00 00 00 00 00 00 00 00 00 00 00 
0000000100000e50	00 00 00 00 00 00 00 00 00 00 00 00 00 00 00 00 
0000000100000e60	00 00 00 00 00 00 00 00 00 00 00 00 00 00 00 00 
0000000100000e70	00 00 00 00 00 00 00 00 00 00 00 00 00 00 00 00 
0000000100000e80	00 00 00 00 00 00 00 00 00 00 00 00 00 00 00 00 
0000000100000e90	00 00 00 00 00 00 00 00 00 00 00 00 00 00 00 00 
0000000100000ea0	00 00 00 00 00 00 00 00 00 00 00 00 00 00 00 00 
0000000100000eb0	00 00 00 00 00 00 00 00 00 00 00 00 00 00 00 00 
0000000100000ec0	00 00 00 00 00 00 00 00 00 00 00 00 00 00 00 00 
0000000100000ed0	00 00 00 00 00 00 00 00 00 00 00 00 00 00 00 00 
0000000100000ee0	00 00 00 00 00 00 00 00 00 00 00 00 00 00 00 00 
0000000100000ef0	00 00 00 00 00 00 00 00 00 00 00 00 00 00 00 00 
0000000100000f00	00 00 00 00 00 00 00 00 00 00 00 00 00 00 00 00 
0000000100000f10	00 00 00 00 00 00 00 00 00 00 00 00 00 00 00 00 
0000000100000f20	00 00 00 00 00 00 00 00 00 00 00 00 00 00 00 00 
0000000100000f30	00 00 00 00 00 00 00 00 00 00 00 00 00 00 00 00 
0000000100000f40	00 00 00 00 00 00 00 00 00 00 00 00 00 00 00 00 
0000000100000f50	00 00 00 00 00 00 00 00 00 00 00 00 00 00 00 00 
0000000100000f60	00 00 00 00 00 00 00 00 00 00 00 00 00 00 00 00 
0000000100000f70	00 00 00 00 00 00 00 00 00 00 00 00 00 00 00 00 
0000000100000f80	00 00 00 00 00 00 00 00 00 00 00 00 00 00 00 00 
0000000100000f90	00 00 00 00 00 00 00 00 00 00 00 00 00 00 00 00 
0000000100000fa0	00 00 00 00 00 00 00 00 00 00 00 00 00 00 00 00 
0000000100000fb0	00 00 00 00 00 00 00 00 00 00 00 00 00 00 00 00 
0000000100000fc0	00 00 00 00 00 00 00 00 00 00 00 00 00 00 00 00 
0000000100000fd0	00 00 00 00 00 00 00 00 00 00 00 00 00 00 00 00 
0000000100000fe0	00 00 00 00 00 00 00 00 00 00 00 00 00 00 00 00 
0000000100000ff0	00 00 00 00 00 00 00 00 00 00 00 00 00 00 00 00 
0000000100001000	00 00 00 00 00 00 00 00 00 00 00 00 00 00 00 00 
0000000100001010	00 00 00 00 00 00 00 00 00 00 00 00 00 00 00 00 
0000000100001020	00 00 00 00 00 00 00 00 00 00 00 00 00 00 00 00 
0000000100001030	00 00 00 00 00 00 00 00 00 00 00 00 00 00 00 00 
0000000100001040	00 00 00 00 00 00 00 00 00 00 00 00 00 00 00 00 
0000000100001050	00 00 00 00 00 00 00 00 00 00 00 00 00 00 00 00 
0000000100001060	00 00 00 00 00 00 00 00 00 00 00 00 00 00 00 00 
0000000100001070	00 00 00 00 00 00 00 00 00 00 00 00 00 00 00 00 
0000000100001080	00 00 00 00 00 00 00 00 00 00 00 00 00 00 00 00 
0000000100001090	00 00 00 00 00 00 00 00 00 00 00 00 00 00 00 00 
00000001000010a0	00 00 00 00 00 00 00 00 00 00 00 00 00 00 00 00 
00000001000010b0	00 00 00 00 00 00 00 00 00 00 00 00 00 00 00 00 
00000001000010c0	00 00 00 00 00 00 00 00 00 00 00 00 00 00 00 00 
00000001000010d0	00 00 00 00 00 00 00 00 00 00 00 00 00 00 00 00 
00000001000010e0	00 00 00 00 00 00 00 00 00 00 00 00 00 00 00 00 
00000001000010f0	00 00 00 00 00 00 00 00 00 00 00 00 00 00 00 00 
0000000100001100	00 00 00 00 00 00 00 00 00 00 00 00 00 00 00 00 
0000000100001110	00 00 00 00 00 00 00 00 00 00 00 00 00 00 00 00 
0000000100001120	00 00 00 00 00 00 00 00 00 00 00 00 00 00 00 00 
0000000100001130	00 00 00 00 00 00 00 00 00 00 00 00 00 00 00 00 
0000000100001140	00 00 00 00 00 00 00 00 00 00 00 00 00 00 00 00 
0000000100001150	00 00 00 00 00 00 00 00 00 00 00 00 00 00 00 00 
0000000100001160	00 00 00 00 00 00 00 00 00 00 00 00 00 00 00 00 
0000000100001170	00 00 00 00 00 00 00 00 00 00 00 00 00 00 00 00 
0000000100001180	00 00 00 00 00 00 00 00 00 00 00 00 00 00 00 00 
0000000100001190	00 00 00 00 00 00 00 00 00 00 00 00 00 00 00 00 
00000001000011a0	00 00 00 00 00 00 00 00 00 00 00 00 00 00 00 00 
00000001000011b0	00 00 00 00 00 00 00 00 00 00 00 00 00 00 00 00 
00000001000011c0	00 00 00 00 00 00 00 00 00 00 00 00 00 00 00 00 
00000001000011d0	00 00 00 00 00 00 00 00 00 00 00 00 00 00 00 00 
00000001000011e0	00 00 00 00 00 00 00 00 00 00 00 00 00 00 00 00 
00000001000011f0	00 00 00 00 00 00 00 00 00 00 00 00 00 00 00 00 
0000000100001200	00 00 00 00 00 00 00 00 00 00 00 00 00 00 00 00 
0000000100001210	00 00 00 00 00 00 00 00 00 00 00 00 00 00 00 00 
0000000100001220	00 00 00 00 00 00 00 00 00 00 00 00 00 00 00 00 
0000000100001230	00 00 00 00 00 00 00 00 00 00 00 00 00 00 00 00 
0000000100001240	00 00 00 00 00 00 00 00 00 00 00 00 00 00 00 00 
0000000100001250	00 00 00 00 00 00 00 00 00 00 00 00 00 00 00 00 
0000000100001260	00 00 00 00 00 00 00 00 00 00 00 00 00 00 00 00 
0000000100001270	00 00 00 00 00 00 00 00 00 00 00 00 00 00 00 00 
0000000100001280	00 00 00 00 00 00 00 00 00 00 00 00 00 00 00 00 
0000000100001290	00 00 00 00 00 00 00 00 00 00 00 00 00 00 00 00 
00000001000012a0	00 00 00 00 00 00 00 00 00 00 00 00 00 00 00 00 
00000001000012b0	00 00 00 00 00 00 00 00 00 00 00 00 00 00 00 00 
00000001000012c0	00 00 00 00 00 00 00 00 00 00 00 00 00 00 00 00 
00000001000012d0	00 00 00 00 00 00 00 00 00 00 00 00 00 00 00 00 
00000001000012e0	00 00 00 00 00 00 00 00 00 00 00 00 00 00 00 00 
00000001000012f0	00 00 00 00 00 00 00 00 00 00 00 00 00 00 00 00 
0000000100001300	00 00 00 00 00 00 00 00 00 00 00 00 00 00 00 00 
0000000100001310	00 00 00 00 00 00 00 00 00 00 00 00 00 00 00 00 
0000000100001320	00 00 00 00 00 00 00 00 00 00 00 00 00 00 00 00 
0000000100001330	00 00 00 00 00 00 00 00 00 00 00 00 00 00 00 00 
0000000100001340	00 00 00 00 00 00 00 00 00 00 00 00 00 00 00 00 
0000000100001350	00 00 00 00 00 00 00 00 00 00 00 00 00 00 00 00 
0000000100001360	00 00 00 00 00 00 00 00 00 00 00 00 00 00 00 00 
0000000100001370	00 00 00 00 00 00 00 00 00 00 00 00 00 00 00 00 
0000000100001380	00 00 00 00 00 00 00 00 00 00 00 00 00 00 00 00 
0000000100001390	00 00 00 00 00 00 00 00 00 00 00 00 00 00 00 00 
00000001000013a0	00 00 00 00 00 00 00 00 00 00 00 00 00 00 00 00 
00000001000013b0	00 00 00 00 00 00 00 00 00 00 00 00 00 00 00 00 
00000001000013c0	00 00 00 00 00 00 00 00 00 00 00 00 00 00 00 00 
00000001000013d0	00 00 00 00 00 00 00 00 00 00 00 00 00 00 00 00 
00000001000013e0	00 00 00 00 00 00 00 00 00 00 00 00 00 00 00 00 
00000001000013f0	00 00 00 00 00 00 00 00 00 00 00 00 00 00 00 00 
0000000100001400	00 00 00 00 00 00 00 00 00 00 00 00 00 00 00 00 
0000000100001410	00 00 00 00 00 00 00 00 00 00 00 00 00 00 00 00 
0000000100001420	00 00 00 00 00 00 00 00 00 00 00 00 00 00 00 00 
0000000100001430	00 00 00 00 00 00 00 00 00 00 00 00 00 00 00 00 
0000000100001440	00 00 00 00 00 00 00 00 00 00 00 00 00 00 00 00 
0000000100001450	00 00 00 00 00 00 00 00 00 00 00 00 00 00 00 00 
0000000100001460	00 00 00 00 00 00 00 00 00 00 00 00 00 00 00 00 
0000000100001470	00 00 00 00 00 00 00 00 00 00 00 00 00 00 00 00 
0000000100001480	00 00 00 00 00 00 00 00 00 00 00 00 00 00 00 00 
0000000100001490	00 00 00 00 00 00 00 00 00 00 00 00 00 00 00 00 
00000001000014a0	00 00 00 00 00 00 00 00 00 00 00 00 00 00 00 00 
00000001000014b0	00 00 00 00 00 00 00 00 00 00 00 00 00 00 00 00 
00000001000014c0	00 00 00 00 00 00 00 00 00 00 00 00 00 00 00 00 
00000001000014d0	00 00 00 00 00 00 00 00 00 00 00 00 00 00 00 00 
00000001000014e0	00 00 00 00 00 00 00 00 00 00 00 00 00 00 00 00 
00000001000014f0	00 00 00 00 00 00 00 00 00 00 00 00 00 00 00 00 
0000000100001500	00 00 00 00 00 00 00 00 00 00 00 00 00 00 00 00 
0000000100001510	00 00 00 00 00 00 00 00 00 00 00 00 00 00 00 00 
0000000100001520	00 00 00 00 00 00 00 00 00 00 00 00 00 00 00 00 
0000000100001530	00 00 00 00 00 00 
